-0.452	-0.801	0.028
-0.566	-0.949	0.606
0.375	-0.703	0.468
-0.982	-0.417	1.061
0.686	-0.869	0.437
-0.376	-1.576	1.169
0.200	-1.173	0.048
-0.587	-1.880	-0.503
0.287	-0.700	-0.268
-0.150	-1.508	0.893
-0.665	-0.905	0.966
2.112	-0.832	-0.199
1.086	-0.383	-0.790
-0.271	-1.768	0.759
-0.424	-0.374	-0.094
-0.127	-1.862	0.991
-0.431	-1.404	1.338
-0.119	-1.538	1.694
1.974	-0.823	-0.248
-0.458	-0.948	-0.250
-0.993	-0.104	0.892
-0.649	-0.822	-0.331
1.772	-0.527	-0.524
-0.148	-1.609	1.013
-0.369	-1.593	1.163
0.636	-0.270	0.131
-0.809	-0.112	1.273
-0.157	-1.465	0.832
1.025	-1.113	-0.731
0.920	-0.989	-0.331
-0.542	-0.991	-0.548
0.579	-1.171	0.470
-0.715	0.155	1.944
2.002	-0.857	-0.286
-0.722	-0.130	-0.547
0.987	-0.433	1.589
-0.495	-0.553	0.183
-1.082	0.079	1.158
-0.033	1.433	2.005
-0.917	-0.830	-0.012
3.078	-0.439	-0.233
-0.825	-0.715	0.357
-1.058	0.629	2.149
-0.082	1.034	-1.387
0.913	-0.429	-1.357
-0.513	0.759	-1.523
-0.651	-0.379	1.746
-1.324	0.242	1.531
-0.752	-0.494	0.955
-0.547	-0.056	0.882
0.692	0.605	-0.436
0.202	-1.008	-0.796
-0.156	0.005	0.838
-0.915	-0.324	-0.939
0.536	-0.054	1.372
2.927	-0.509	-0.120
-0.347	-0.382	-1.080
-0.036	-1.588	0.715
-0.546	1.202	-0.859
-1.048	-0.244	0.108
-1.096	-0.498	-1.136
0.790	1.680	0.490
2.692	0.120	-0.139
-0.803	0.799	-1.494
0.222	0.584	0.344
0.639	0.546	0.524
-0.544	-0.273	1.378
-0.260	0.777	0.447
-0.783	0.290	0.339
-1.009	0.254	0.478
-0.027	-0.119	-1.302
-0.407	1.605	-0.502
-1.142	-0.136	0.287
0.902	1.092	0.188
0.113	0.543	0.911
0.087	1.203	1.309
-0.846	-0.769	0.374
0.369	0.511	0.359
3.060	-0.426	-0.159
-0.218	1.712	1.175
0.906	-1.226	-0.665
1.568	-0.285	0.944
-0.537	-1.704	-0.737
0.381	1.237	1.272
-0.174	-1.667	1.022
-0.734	1.295	-1.157
-0.480	0.031	-1.272
-0.689	-0.694	0.201
-0.543	0.575	0.055
-0.672	-0.171	-1.204
0.254	-0.952	-0.180
0.128	-1.287	-0.195
0.176	1.097	-1.242
-1.273	0.087	-1.249
2.952	-0.454	-0.322
0.185	-1.280	-0.277
0.430	-0.440	-1.199
-0.639	1.235	1.146
-0.676	-0.694	0.162
-0.081	0.834	-0.337
-0.720	1.774	-1.661
0.101	1.032	0.715
0.397	1.070	0.463
1.195	-0.527	-0.796
-0.815	-1.119	-0.782
-0.138	1.253	-1.231
-0.569	-0.149	-0.708
3.206	-0.295	-0.417
0.757	0.007	0.014
-0.597	-0.915	-0.301
1.139	0.567	1.138
-1.662	0.269	-1.379
-0.058	-1.730	0.037
-0.809	-1.144	-0.785
-0.141	0.259	-1.670
-0.332	-1.505	0.252
-0.850	-0.643	-0.496
-0.917	-0.440	1.101
-0.791	-0.293	0.423
-0.546	-0.272	-0.429
0.782	1.516	1.691
-0.052	0.018	-0.552
-0.020	0.621	1.029
-0.140	-1.248	0.647
1.021	-0.951	-0.391
0.962	0.772	1.018
-1.254	0.822	0.511
-1.015	0.918	-0.094
-0.351	-0.261	-1.185
0.538	1.141	0.914
-0.674	-0.620	1.220
-1.322	-0.001	0.825
-0.727	-0.260	0.669
-0.358	-1.733	0.046
-0.474	1.420	-0.915
1.082	-1.314	0.610
0.162	-0.222	-0.015
0.438	0.284	1.238
3.672	0.027	0.003
-1.273	0.004	0.557
-0.706	-0.727	0.583
-1.014	0.577	1.348
-0.884	0.337	1.351
2.469	-0.277	-0.815
1.082	0.673	-1.303
0.231	1.140	0.305
0.229	1.056	0.409
-0.781	1.314	-1.347
-0.396	-0.483	-0.223
-0.408	-0.471	0.937
0.387	1.697	0.569
0.604	-1.121	0.251
0.213	1.109	1.053
1.918	-0.476	-1.038
1.119	0.059	0.545
0.203	-1.314	-0.183
0.345	0.088	0.150
-0.807	-0.852	0.820
1.198	2.344	0.632
-0.592	0.280	-1.169
0.136	-1.287	-0.092
-0.007	0.270	-0.728
-0.374	-0.698	0.287
-0.958	1.523	-0.986
1.228	1.042	-0.911
0.706	1.772	1.555
1.557	2.630	0.543
-0.789	0.034	-0.999
1.204	-0.385	-0.872
-0.522	-0.556	0.077
3.297	-0.247	-0.511
-0.353	-1.801	-0.918
-0.331	-2.106	0.756
1.719	1.018	-1.246
-0.684	0.477	0.454
-0.372	-1.846	0.246
0.200	0.462	1.359
-0.987	-0.264	1.007
-0.850	1.487	-1.754
-0.765	-0.517	1.675
-0.302	-0.836	0.336
2.382	0.902	-0.364
-0.871	0.190	-0.262
-0.151	1.096	-1.131
-0.974	1.203	0.187
-0.259	1.130	0.020
-0.123	1.222	0.496
-0.677	-0.152	-0.457
-0.719	-0.735	0.901
0.638	0.623	0.554
0.349	0.066	-0.342
-0.896	1.059	-1.287
-0.379	-0.189	-1.534
2.643	0.043	-0.135
-0.838	-0.906	-0.960
0.107	1.231	0.726
-1.370	0.967	-0.687
0.270	0.370	0.830
-0.635	-0.314	-1.586
0.532	-0.385	-0.709
-0.281	0.572	-0.704
-1.389	-0.513	-0.479
0.412	-0.580	-0.149
1.077	2.329	0.758
-1.117	1.693	-2.339
0.788	1.001	-0.335
-1.610	0.051	-0.280
2.472	-0.287	-0.788
-1.060	-0.969	-0.263
-0.479	-0.416	0.065
-0.585	1.265	-1.381
-0.034	-1.554	0.879
-0.495	0.172	0.268
0.489	0.289	1.445
0.088	-1.284	-0.791
-0.251	1.100	-0.639
0.406	1.097	-1.331
2.580	-0.258	-0.455
-1.060	-0.475	0.057
0.388	-0.487	-0.518
-0.288	0.700	0.939
-0.029	1.451	0.355
-1.399	-0.273	-0.758
1.879	0.878	1.035
-0.251	1.100	-0.639
-1.132	-0.424	0.240
-0.103	-0.424	0.442
3.168	-0.204	-0.703
0.375	0.984	0.668
-1.356	0.076	-0.441
0.098	0.512	1.414
2.999	0.135	0.099
-0.147	-1.385	1.561
2.882	-0.290	-0.517
-1.128	-0.481	0.352
-0.947	0.227	0.102
-0.623	-1.027	-0.633
1.165	0.193	-0.945
-0.171	0.429	1.585
-0.213	1.754	-0.445
-1.571	1.169	-1.725
-1.546	-0.012	-0.324
-0.672	-0.838	-0.667
-1.003	1.593	-2.091
0.597	0.915	0.694
0.965	-1.303	1.507
-0.145	-1.547	0.686
-0.581	0.715	0.012
0.391	-0.582	-0.518
0.366	-0.012	0.239
0.283	1.179	1.565
0.490	0.484	-1.100
0.339	1.335	1.459
0.211	-1.313	-0.080
0.726	-0.969	-0.215
-1.381	0.288	-1.049
2.852	0.056	-0.608
0.107	1.023	1.014
-0.787	-0.055	1.358
0.184	0.931	1.073
-0.649	-0.076	0.025
-0.223	-0.183	0.728
-0.901	0.858	-0.709
0.620	-1.555	0.502
0.979	-1.545	0.760
-0.004	1.872	1.604
-0.194	-1.685	-1.204
1.165	-0.398	-0.836
-1.376	1.530	-2.045
-0.579	0.782	-1.584
-1.085	0.209	-0.407
0.427	1.160	1.619
-0.614	-0.212	1.334
-0.687	-0.452	-0.463
0.586	-0.325	-0.575
0.735	-0.191	-0.651
3.425	-0.320	-0.367
0.938	0.719	-0.183
1.854	0.659	0.312
-0.487	-0.925	0.832
-1.248	0.542	-0.334
-0.720	-0.443	1.138
-0.226	1.246	-0.277
-0.314	-0.823	1.305
1.137	-1.747	-0.376
1.255	0.299	0.020
-0.018	1.185	0.427
-0.805	1.423	-0.491
0.542	1.436	1.646
-0.349	1.418	0.052
-0.880	0.544	-1.252
-0.114	-0.498	0.541
0.492	0.124	1.332
-0.412	-0.280	0.721
0.173	0.370	1.238
0.053	-1.634	0.476
-0.098	0.765	0.002
0.030	0.682	-0.155
0.243	1.052	-0.249
-1.053	0.890	-0.024
1.275	-0.382	-0.591
-0.625	0.952	0.275
-1.306	0.086	0.538
-0.034	0.597	1.331
0.187	-0.798	-0.406
-1.527	0.665	-1.200
-1.184	0.074	0.239
-1.761	0.711	-1.645
0.642	-1.323	-0.582
1.296	-1.506	1.080
0.604	0.731	-1.305
-0.551	0.965	0.004
-0.966	-0.052	-0.811
-0.864	-0.448	-0.128
-0.964	-0.257	-1.260
0.377	1.560	0.606
1.638	-0.323	-0.510
0.233	0.890	-0.215
-0.548	-1.307	-1.099
-0.800	-0.733	0.562
0.006	0.828	-1.398
0.616	-0.982	-0.598
0.271	1.135	1.555
0.887	1.211	1.826
-0.383	-0.861	0.210
1.029	-0.220	-0.581
0.054	1.583	0.108
1.588	1.407	-0.650
-0.566	-0.003	-0.561
-0.691	-0.443	0.636
-0.567	-0.155	0.460
-0.562	-0.727	-0.318
0.171	0.648	-0.770
-1.203	0.499	2.032
1.040	0.583	-1.282
-0.918	0.437	0.768
-1.580	0.602	-1.177
-0.314	-0.823	1.305
3.627	-0.084	-0.302
1.048	1.190	-1.286
-0.533	-1.860	-1.112
0.960	-0.854	1.010
-0.533	0.140	0.744
-0.013	1.432	1.985
-0.074	0.339	0.462
1.095	-0.812	-0.036
-0.717	0.875	-1.282
-1.069	0.088	-0.373
0.620	-0.475	-1.051
-1.251	0.492	1.295
-0.122	1.147	1.718
-1.208	0.310	-0.192
-0.092	-1.328	-1.011
-0.503	0.142	-0.656
-0.143	-1.337	1.121
0.536	0.730	1.052
0.692	0.817	-0.678
-0.033	-1.342	1.103
-1.282	0.063	0.191
-0.719	0.092	-0.729
1.223	2.185	0.973
0.210	1.532	1.425
-1.065	1.191	-2.192
-0.560	-0.313	0.325
-1.606	1.078	-1.583
3.115	-0.349	-0.320
-0.219	-1.841	0.543
-0.060	1.904	0.811
-0.267	-0.872	-0.612
0.722	-0.461	-1.010
-0.199	-0.254	-0.570
-1.104	0.875	-0.173
-1.349	-0.207	-1.552
-0.490	-1.824	-1.121
-1.168	0.989	-0.538
0.251	-0.850	1.361
-1.185	0.420	0.414
1.230	0.110	0.330
0.220	1.286	-0.236
-1.429	0.347	-0.924
-0.946	-0.242	1.429
-0.751	-0.061	-0.133
0.414	0.358	0.766
-0.242	-1.669	0.445
0.015	1.433	1.591
-1.060	0.423	-0.521
1.196	2.395	0.735
-1.226	0.017	0.811
0.184	0.931	1.073
-0.673	0.053	1.029
-1.307	-0.225	0.119
-1.127	0.142	-1.538
-0.997	-0.601	-0.478
-0.268	-0.223	0.869
0.251	1.185	1.409
-0.685	0.955	-1.718
-1.106	0.009	-0.501
1.090	-1.633	-0.495
-0.987	-0.154	-0.406
-0.275	-1.874	0.626
0.050	1.508	1.835
-0.539	-0.760	0.138
-1.141	0.061	0.354
-0.040	0.848	0.752
2.723	-0.002	0.339
0.077	1.332	0.374
-0.024	1.819	-0.148
3.021	-0.366	-0.219
-0.376	-1.154	-0.373
0.983	0.024	-0.073
2.887	-0.306	-0.265
0.052	-0.889	0.410
-1.314	0.079	1.718
0.115	-1.269	-0.074
-1.200	-0.196	0.134
0.578	1.090	0.097
3.079	-0.019	-0.168
0.151	1.700	0.411
-0.532	-0.396	0.367
0.223	-0.344	-1.489
0.271	1.632	1.636
-1.504	-0.071	-0.534
-0.927	-0.565	-0.483
-1.051	-0.534	0.014
0.808	0.791	-1.276
-0.993	-0.595	0.976
-1.402	0.006	-0.763
0.009	-0.088	-1.025
1.946	1.252	0.183
0.494	-0.716	-0.752
1.275	0.068	-0.481
-1.157	1.894	-0.077
3.272	-0.337	-0.373
2.507	-0.543	-1.065
-0.258	1.118	1.519
-1.135	1.098	-1.305
2.896	-0.422	-0.945
0.580	0.416	-1.909
-0.659	0.896	-0.758
-0.952	-0.540	-0.891
-0.276	-1.884	-0.166
0.088	-0.718	-1.128
-0.228	-2.023	-0.175
-1.189	-0.116	-0.750
-0.536	-0.836	0.373
3.138	-0.392	-0.501
-0.575	-0.310	0.366
-0.549	1.947	-0.585
-1.614	0.250	-1.041
0.202	-1.008	-0.796
1.621	-0.137	0.575
-0.988	-0.190	1.325
-0.968	0.755	0.717
-0.204	0.554	0.510
1.951	0.133	0.578
-0.970	0.027	1.400
-1.378	-0.330	-1.207
0.584	-0.415	-0.457
0.040	0.630	1.117
-0.306	-0.617	-0.085
1.173	0.416	-0.997
0.259	0.286	1.880
1.684	0.396	-1.291
-1.026	1.476	-1.724
0.888	-0.752	-0.908
-0.170	-1.532	0.534
0.351	-0.171	-0.603
-0.864	-0.239	-0.009
-0.838	0.160	1.125
3.060	-0.426	-0.159
-0.986	-0.427	-0.219
0.040	0.002	-0.925
-0.959	-0.847	0.157
-1.092	-0.172	-0.247
-0.331	1.672	-0.785
0.600	0.837	1.560
-0.763	-0.602	0.190
0.034	1.295	-0.667
1.330	1.009	-0.931
-1.267	0.011	0.392
-0.965	-0.131	1.009
-0.269	-1.579	0.029
-1.420	0.561	-0.570
-0.408	1.410	-1.347
-0.615	1.637	0.488
2.299	0.213	0.746
-0.509	0.040	0.828
-1.618	1.285	-2.114
1.241	-1.745	-0.393
0.159	0.884	-0.272
0.937	-1.212	-0.528
3.284	-0.316	-0.389
0.740	0.611	0.434
0.191	1.556	2.246
-1.135	1.423	-1.694
-0.142	1.621	1.895
-0.911	0.223	-0.835
-0.315	0.143	-0.940
1.802	0.732	0.205
-1.018	0.008	0.430
1.307	2.659	0.472
-1.006	-0.093	-1.541
0.285	-0.130	-1.088
0.531	1.570	0.293
2.982	0.121	-0.106
-0.268	0.772	1.681
-0.053	-0.539	-0.177
1.595	0.849	-1.029
-0.941	1.301	0.031
-1.428	0.337	0.974
0.088	1.437	0.482
0.299	0.046	-0.590
-0.244	-1.711	0.062
0.087	-0.519	-0.070
-0.805	-0.027	0.607
0.333	1.570	0.967
0.152	1.056	-1.221
0.120	0.262	-1.071
-0.141	-0.097	0.613
2.768	-0.259	-1.149
-0.379	-0.209	0.467
-1.001	1.110	-1.736
-0.349	-1.746	-0.601
-0.548	-0.717	1.048
-0.089	1.107	1.300
-0.675	-0.556	0.346
-1.465	0.268	-0.118
0.183	0.546	1.131
-0.921	0.364	-0.784
-0.389	-1.858	-0.085
2.981	-0.066	0.002
-0.005	0.401	0.017
-1.349	0.068	-1.075
-0.068	0.390	1.033
0.601	1.474	-1.433
-1.202	-0.026	-0.485
-0.895	0.155	-0.310
-1.439	1.212	-0.802
-0.839	-0.873	0.014
0.672	1.263	0.314
-1.068	-0.368	-0.810
3.439	-0.379	-0.412
-0.432	-2.203	-0.173
-0.931	-0.312	1.349
-1.031	-0.094	0.477
-0.969	-0.368	0.843
-0.202	-1.603	0.841
0.150	0.835	1.065
-1.803	0.130	-0.698
0.364	0.321	0.314
-0.933	-0.202	1.231
-0.684	0.561	-1.271
-0.559	-1.710	-0.762
-0.157	0.751	-0.324
1.095	-0.812	-0.036
-0.716	-1.090	-1.044
0.325	1.106	0.095
-0.298	1.334	0.306
1.352	0.336	-0.127
0.796	-0.154	0.672
1.380	1.507	0.110
3.128	-0.230	-0.466
-0.580	-0.673	0.719
0.970	-0.381	0.086
-0.666	0.479	0.333
3.407	-0.190	0.144
1.135	-1.090	1.315
0.150	0.810	0.463
0.028	-1.388	1.128
1.396	-0.066	-0.303
-0.515	-0.613	-1.214
-0.001	0.205	1.587
-0.406	0.531	-0.342
-1.123	0.473	0.471
2.743	-0.415	0.054
-0.418	0.187	0.383
-0.290	0.003	1.010
1.673	0.069	-1.417
-0.907	0.187	0.702
-0.304	-1.503	1.090
-0.352	-0.508	-0.258
-0.334	-0.325	1.014
-0.259	-1.795	1.416
0.706	0.199	1.737
-0.310	-0.944	-0.901
-1.635	-0.029	-0.503
-0.874	-0.885	-1.050
-0.268	0.259	-0.380
-1.445	0.252	0.186
-0.374	1.848	0.708
-1.211	0.094	-0.826
1.772	-0.954	-0.049
0.199	0.413	0.426
-0.045	-0.023	-1.413
-1.360	1.218	-1.532
0.130	1.533	0.347
1.231	-0.764	0.467
-1.078	1.345	-0.685
-0.105	-0.351	-0.028
-0.718	-0.440	1.037
-0.439	1.130	-0.285
-1.181	-0.103	0.958
-0.324	0.994	-0.571
0.382	-0.788	0.019
-0.446	0.270	-0.082
-0.100	1.327	0.380
-1.103	1.002	-0.018
0.064	-1.622	-0.012
-0.703	-1.053	0.286
-0.588	0.305	0.230
-0.788	-0.646	-0.253
-0.248	-1.054	0.257
0.134	1.527	-1.023
-0.717	-0.172	0.131
-0.349	-1.727	-0.387
2.399	-0.254	-0.304
-0.333	-0.231	-0.784
0.959	-1.321	-0.415
2.150	0.311	0.247
0.208	0.143	0.042
-1.231	1.418	-1.657
-0.293	0.477	-0.904
-1.195	1.421	-1.577
-0.078	0.898	-0.663
-0.198	1.396	1.166
2.334	0.180	-0.985
-1.546	-0.012	-0.324
-0.244	1.262	-0.423
-1.024	-0.494	-0.681
2.575	-0.383	-0.265
-0.232	0.210	-0.051
-0.998	-0.621	0.419
-0.580	0.774	-1.215
-0.028	1.895	-0.476
1.407	0.651	-1.047
-1.624	0.829	-0.938
3.278	-0.321	-0.281
-0.619	0.769	-0.979
-0.476	0.417	-0.414
-1.316	1.207	-1.772
-0.477	-0.784	-0.072
-1.220	-0.326	0.517
-0.208	-0.245	-0.180
1.038	0.910	-1.389
-1.005	-0.873	-0.238
-1.132	-0.060	-0.670
2.627	-0.679	-0.922
3.509	-0.460	-0.483
-0.665	-0.396	-0.084
-0.700	1.138	-0.438
-0.426	-0.728	0.152
2.505	0.881	-0.362
-1.401	-0.334	0.120
-1.085	-0.204	0.866
-0.953	-0.848	0.557
-0.507	-0.400	1.401
0.168	-0.283	-0.495
-0.667	-0.389	0.921
-0.777	-1.087	0.188
-0.864	1.490	0.151
3.344	-0.147	-0.296
-0.946	-0.341	0.530
-1.027	0.993	-1.159
-0.933	0.509	0.738
2.497	0.799	0.050
-1.030	-0.744	-0.603
0.556	-0.174	-0.652
-0.885	-0.715	-1.400
-0.139	1.248	1.823
-1.115	0.006	0.366
0.456	-1.231	-0.708
-1.060	-0.492	-0.268
-0.806	0.417	-1.006
-0.969	0.123	1.414
-0.488	-1.563	-0.955
0.035	1.251	0.358
-0.534	-0.922	-0.543
-1.546	-0.231	-0.625
-0.504	-0.425	1.109
2.598	-0.386	-1.401
3.260	-0.359	-0.248
-1.508	1.149	-2.063
0.044	1.331	0.780
0.673	-0.076	-0.891
-0.376	1.099	-1.256
-0.557	-0.282	0.633
-0.070	1.342	-1.005
0.258	0.223	1.808
0.504	0.962	0.175
0.180	1.337	0.970
0.243	1.052	-0.249
-1.017	-0.152	-0.606
2.130	-0.806	-0.337
-0.622	-0.394	-0.669
-0.859	1.629	1.465
-0.207	1.288	0.801
-1.254	-0.317	0.340
0.634	-1.364	-1.138
-0.511	-0.476	-0.409
1.127	-1.067	1.326
-0.682	0.611	-0.756
1.636	-0.547	-0.566
-0.360	1.115	-1.277
1.405	0.946	-0.580
0.304	0.119	-0.513
-0.090	1.587	1.345
-1.101	-0.376	-0.748
-1.404	-0.022	0.258
-0.486	-1.004	-0.177
0.466	-0.746	-0.523
1.171	-0.710	1.055
0.653	0.164	-0.120
-0.712	1.136	0.601
-0.275	1.464	-1.094
0.200	0.321	-0.711
-0.501	-0.467	-0.930
-0.987	-0.276	1.009
-1.323	-0.129	0.895
-1.071	0.269	0.345
-0.178	0.042	0.771
-0.703	-0.248	-0.715
-0.251	1.100	-0.639
0.443	0.135	-0.645
-0.671	-0.200	0.466
-0.659	0.016	0.720
-0.656	-0.091	0.464
1.575	0.304	-0.763
0.659	1.758	1.235
-0.891	-0.279	1.237
-0.043	1.267	0.675
-0.131	1.176	-0.814
-1.297	0.093	-0.985
2.756	-0.288	0.052
1.562	-0.617	-0.036
1.743	1.377	-1.152
2.195	-0.307	-0.021
0.693	-0.964	-1.174
3.461	-0.486	-0.354
-1.005	-0.073	0.766
0.257	1.190	0.004
-0.816	0.446	-0.060
-0.837	-0.381	0.590
-0.880	-0.429	-1.532
-1.346	1.157	0.325
-1.188	0.467	-2.241
-0.717	-0.601	0.700
-0.574	1.291	-1.122
-0.239	1.763	-1.436
-0.048	-0.002	0.106
-0.267	-1.669	0.407
-0.126	-0.572	-1.003
1.236	1.355	-0.354
1.785	0.190	-1.659
0.628	0.728	0.088
-0.086	0.392	0.994
0.818	0.175	0.220
0.828	1.053	-0.095
1.095	-0.812	-0.036
-0.896	-0.411	1.195
1.976	0.930	0.651
-1.090	0.814	-0.190
0.181	0.742	0.476
0.320	-0.450	-0.519
-0.894	-0.900	-0.435
-0.754	-0.169	0.992
2.405	-0.304	-1.358
-0.943	-0.068	0.419
-0.584	-0.429	-1.028
0.724	-1.328	1.033
0.508	-1.297	0.219
1.854	0.659	0.312
0.360	0.322	0.315
-0.631	-0.544	-1.488
1.409	0.485	0.840
-1.011	-0.831	0.214
0.229	1.056	0.409
-0.680	0.003	1.243
-0.328	-0.577	-0.030
-1.089	-0.576	-1.078
-1.217	0.282	-1.321
-0.328	-1.614	-0.248
-0.804	-0.071	0.809
-0.864	-0.514	-0.363
-0.885	-0.216	-0.038
-1.579	0.215	0.126
3.061	0.119	-0.035
-0.739	-0.507	0.875
-0.932	-0.530	-0.643
-0.017	0.945	0.423
1.226	0.059	-0.248
-0.885	-0.296	0.139
-0.184	-1.649	0.913
0.810	-1.272	-0.419
-0.541	-0.700	-1.069
-0.567	-0.223	0.344
-0.071	0.595	0.833
0.693	-0.310	0.732
-0.526	-0.087	0.620
0.198	1.492	-0.729
-0.349	-1.506	-0.548
-0.403	1.007	-0.793
0.519	0.681	-0.560
0.765	-1.201	-0.138
-0.637	-0.734	0.693
-0.798	-0.678	-1.062
0.417	-1.272	0.429
-0.622	-0.715	0.903
-1.313	-0.085	0.322
-1.347	-0.310	0.062
-0.712	-0.392	0.422
-0.729	-0.881	-0.251
0.423	0.843	-1.340
-0.738	-0.765	0.869
0.775	-1.209	-1.068
0.969	1.149	0.022
1.953	1.252	-0.328
1.769	-0.638	0.431
3.101	-0.179	0.200
0.316	-0.259	-0.536
-0.508	-0.801	1.111
1.191	0.303	0.922
0.531	1.471	1.223
0.179	0.594	1.263
-0.434	-0.455	0.580
-0.747	-0.296	0.872
-0.272	-1.653	-0.073
0.616	1.288	-0.566
0.253	0.601	-0.180
0.605	0.676	1.463
0.608	1.880	1.136
0.098	0.607	0.841
-0.788	1.258	-0.396
-0.954	-0.787	0.307
-0.437	-0.002	0.836
0.824	1.308	1.420
0.225	0.426	0.581
-0.612	0.766	-1.693
-1.394	0.089	-0.562
1.812	-0.505	-0.544
-0.363	0.907	-0.810
-1.454	0.544	1.724
0.181	-0.738	-0.814
0.415	-1.102	-0.388
-1.356	-0.208	0.118
-1.025	0.647	1.366
-0.197	-1.683	-0.320
3.336	-0.525	-0.509
-0.617	-0.254	0.463
-0.042	1.330	0.548
1.316	-1.538	0.459
0.855	-0.896	1.530
-0.869	1.328	-0.772
0.376	0.112	-0.991
-0.467	-0.647	1.014
-1.317	0.110	0.182
0.938	-1.064	1.106
0.457	2.121	0.466
-0.115	-1.445	-0.867
-1.315	0.047	-0.612
3.337	-0.426	-0.544
0.671	0.322	-0.326
-0.898	0.236	1.080
0.540	-0.212	0.037
-0.566	-0.149	0.221
-0.755	-0.377	0.985
-0.150	1.543	-0.519
0.715	0.054	0.747
-1.172	-0.890	0.299
-1.350	0.301	0.082
-0.460	0.591	-1.180
-0.302	-0.329	-1.084
0.896	1.235	-0.083
0.830	-0.740	-0.758
2.197	-0.930	-1.219
-1.526	-0.039	-1.346
0.583	1.600	1.911
-0.963	-0.012	-0.524
-1.761	0.217	-0.723
-0.070	0.484	0.830
-0.160	0.870	-0.568
-0.184	0.597	-0.923
-0.860	0.054	0.867
-0.862	-0.061	-1.620
0.325	0.363	0.108
-1.018	-0.218	0.921
-0.894	-0.041	0.457
-1.027	-0.772	-1.156
-0.581	-0.828	0.753
-0.299	0.297	-0.294
1.786	0.536	-0.195
-1.578	0.029	-1.244
-0.643	-0.281	0.340
-1.171	0.565	-0.118
3.437	-0.134	0.153
-0.940	-0.625	-0.290
-0.058	0.247	0.160
-0.837	-0.759	-0.701
2.846	-0.112	0.030
-1.111	0.312	0.837
0.756	1.054	-0.434
-0.516	0.265	-0.416
0.436	1.220	1.485
0.336	0.931	1.490
-0.712	0.032	-1.004
-0.355	-1.807	0.134
-0.828	-1.013	-1.227
-0.757	-0.908	-0.141
-0.223	1.125	-0.555
0.197	1.790	0.536
-0.235	1.641	0.600
-0.965	1.989	-0.908
0.387	0.871	1.541
-0.828	0.618	-0.981
-1.739	0.640	-1.243
0.181	-1.299	-0.065
0.689	0.899	0.413
-1.113	-0.011	0.302
-0.956	-0.053	-0.190
-1.047	-0.462	-0.626
-0.588	-1.817	-0.993
1.015	-1.468	1.659
-0.712	-0.391	0.551
0.728	1.211	-0.218
0.756	1.054	-0.434
0.469	1.075	-1.045
0.197	1.507	-0.928
-0.597	-0.400	1.320
-0.284	-1.713	-0.666
-0.071	-0.704	-0.864
-0.428	0.665	-0.344
1.165	-1.799	-0.366
-1.382	-0.124	0.194
-0.450	-0.076	-0.246
-0.027	-0.119	-1.302
-0.969	0.753	-0.750
1.521	0.567	0.320
0.176	0.503	-1.480
1.025	-0.015	-0.279
0.932	1.544	0.443
-0.151	-0.448	-0.665
-1.115	0.060	2.082
1.442	0.724	-0.946
-0.294	1.744	-1.671
3.002	-0.294	-0.996
0.154	0.938	-0.838
-0.694	-0.246	1.505
0.695	0.160	-0.726
-0.497	-1.768	-0.638
0.866	-0.713	0.230
-1.307	-0.225	0.119
1.442	1.039	-1.042
-0.755	-0.292	1.680
0.063	0.488	-0.095
0.122	0.574	0.480
1.940	0.456	-0.293
0.726	-0.343	0.633
-0.213	1.754	-0.445
0.669	1.286	-0.986
1.460	2.212	0.739
2.260	1.209	-0.202
0.642	-0.462	0.329
-0.159	0.198	0.429
-0.408	-0.846	-0.168
-0.207	0.937	0.099
0.557	-0.864	0.106
-1.013	0.145	0.609
0.903	0.434	0.035
1.046	0.108	-1.037
-0.429	0.370	0.546
2.871	-0.507	-0.150
0.823	1.486	1.565
-0.426	-0.597	1.366
-1.641	0.973	-1.890
2.161	-0.117	-0.147
-0.861	-0.486	-0.992
-1.134	-0.474	-0.230
0.438	-0.061	-1.120
1.419	1.074	-0.043
-0.031	0.567	-1.097
3.495	-0.355	-0.275
-0.412	-0.280	-0.857
-1.053	1.187	-1.041
-0.859	-0.150	1.363
0.124	1.597	0.716
1.258	1.222	1.647
-0.803	0.738	-0.622
-0.151	1.369	1.466
-0.416	-0.352	0.780
3.425	-0.320	-0.367
-0.790	-0.790	0.871
-0.542	-1.772	-0.427
-1.369	-0.201	0.105
-0.250	1.751	-1.575
-1.687	0.198	-1.372
1.237	-1.134	1.272
-0.680	-0.344	0.762
-1.198	0.988	-1.840
-1.384	-0.148	-1.313
-0.980	0.613	0.032
-0.411	-1.885	-0.693
-1.423	0.108	-0.581
-1.021	0.399	0.747
1.260	1.236	1.561
-0.612	-0.626	0.051
1.098	1.438	0.457
-0.096	0.693	0.775
0.085	1.161	0.656
-0.874	1.779	-0.396
-1.015	-0.072	1.715
2.499	0.134	0.371
-1.385	0.656	-0.254
3.480	-0.363	-0.430
-0.061	0.176	0.207
0.862	-0.379	-0.664
0.751	1.213	-0.106
-0.141	0.778	1.620
1.252	-0.282	-0.646
0.706	1.389	-1.076
-0.067	0.060	0.387
-0.183	-0.371	-1.455
-0.896	-0.411	1.195
-1.268	-0.057	-0.715
0.374	-0.598	-0.324
0.910	1.493	1.583
-1.012	0.279	0.315
-1.083	-0.741	0.497
-0.880	-0.739	0.167
-0.594	-0.236	-0.680
-1.101	0.107	0.892
0.494	-1.983	-0.575
-0.601	-0.537	1.479
-0.758	-0.268	-0.403
-0.903	-0.429	-0.186
1.334	1.191	0.093
-0.317	-0.264	-0.511
-0.035	0.659	1.742
-0.473	0.355	-0.079
2.744	0.047	0.770
1.132	-0.296	-0.616
-0.473	0.096	-1.250
-0.217	-0.425	-0.959
-0.103	1.850	1.716
0.539	0.992	1.259
-0.234	1.605	1.625
0.437	1.767	1.635
1.048	0.800	1.190
0.713	1.265	1.435
0.855	1.020	1.261
0.623	0.626	1.375
0.438	0.477	-1.097
2.533	-0.599	-0.086
2.548	-0.117	-0.243
2.617	-0.019	-0.257
0.193	1.622	1.649
0.466	1.973	0.484
0.162	1.251	1.958
-0.655	1.269	-1.081
0.151	-1.255	-0.118
0.186	-1.302	-0.304
0.203	-1.350	-0.438
0.642	-0.564	-0.770
0.803	0.003	-1.223
1.983	0.421	-1.171
-0.341	0.491	0.534
-0.240	-1.461	1.013
-1.220	-0.326	0.517
-1.264	-0.227	-0.003
-0.403	-0.497	0.516
-0.034	0.373	-0.863
3.173	-0.108	-0.001
-1.215	0.306	0.281
3.118	-0.500	-0.173
0.909	1.648	0.301
-0.906	-0.058	0.968
0.832	0.805	0.233
2.756	-0.061	-1.331
3.363	-0.227	-0.747
-0.837	-0.523	-0.011
-0.847	-0.076	0.591
-0.661	-0.105	0.177
-0.783	-0.563	0.380
-1.417	0.583	-0.313
2.459	-0.216	-1.667
-0.910	-0.941	-0.013
-0.619	-0.767	1.103
0.448	0.294	0.333
3.511	-0.151	0.343
-1.176	1.036	1.108
-0.342	-0.267	-1.140
0.881	1.033	1.310
0.909	0.501	1.532
0.642	0.619	1.088
0.766	1.187	1.645
-0.312	0.012	0.883
-1.107	2.010	0.231
2.941	-0.029	0.169
1.150	-1.768	-0.379
-1.112	-0.111	-0.568
-0.578	-0.270	1.294
-0.855	0.464	-0.728
0.662	0.995	0.305
0.548	0.775	-0.667
-0.688	-0.422	-1.139
-0.808	0.285	0.689
-0.498	0.147	-0.431
-0.771	0.274	-0.751
2.210	-0.445	-1.086
-0.859	-0.150	1.363
-0.906	0.517	-0.744
2.140	-0.867	-0.237
0.195	0.249	-0.516
-1.332	-0.277	-0.678
1.297	1.116	-0.237
-0.190	0.343	-0.180
1.053	0.953	-0.653
-1.055	0.613	0.367
-0.879	1.592	-0.451
-0.964	0.506	-0.169
1.326	1.011	-0.411
-0.148	0.942	-0.082
-0.999	0.913	-2.014
-0.113	1.462	0.880
2.915	-0.514	-1.016
-0.615	1.146	-1.457
-0.442	1.198	-0.239
1.386	0.964	-0.560
-1.312	-0.274	0.368
1.664	1.122	-0.882
-0.413	1.186	-1.958
-0.835	0.630	-1.487
-0.881	1.269	-1.384
-0.525	-1.912	-0.532
-1.131	1.424	-2.023
-0.466	-1.927	-1.140
-0.592	-1.711	-0.940
-0.089	-1.581	1.002
-0.250	0.928	-0.946
-1.074	-0.233	0.845
-1.097	-0.549	-0.326
-1.101	-0.534	-0.361
2.241	-1.055	0.849
-0.280	1.348	-1.475
-0.755	1.464	-1.576
-1.602	0.981	-2.040
2.433	0.782	0.065
0.332	1.273	0.135
-0.742	1.230	-1.479
-0.545	0.656	-1.111
1.013	-1.034	1.140
0.639	-0.135	0.921
-0.446	-1.062	-0.721
-0.942	-0.209	0.846
-0.530	1.365	1.532
0.337	1.348	2.379
0.648	1.401	1.365
0.292	1.335	2.106
1.283	0.662	0.618
1.097	0.387	-0.045
0.677	0.772	1.267
-0.340	1.288	-1.418
-1.082	0.461	0.078
-0.195	-0.412	0.875
-1.348	-0.127	-0.240
-0.221	-1.864	-0.090
-1.192	0.659	-0.108
-1.205	0.461	0.380
-1.273	-0.290	-0.039
0.988	0.144	-0.913
-0.339	1.056	-1.090
-1.554	0.009	-0.270
-0.520	1.406	-0.922
-1.220	1.315	-1.372
-1.104	1.201	-1.225
-1.238	1.117	-1.640
-0.932	-0.335	1.034
-1.223	-0.162	-0.454
0.880	-0.817	0.422
-1.239	-0.153	-1.313
0.608	-1.727	-0.094
-0.432	-2.203	-0.173
-0.276	0.668	0.282
-1.196	-0.369	-1.399
2.370	-0.391	-1.011
-0.386	-1.988	-0.463
1.426	-0.646	-1.101
1.260	0.682	0.009
-0.373	-1.596	1.388
-0.868	-0.341	0.225
-0.301	-2.158	0.126
-0.468	-0.606	0.206
1.278	0.403	-1.155
2.064	-0.883	-0.264
-0.812	-0.792	-0.395
-0.913	-0.338	0.848
2.146	-1.050	0.847
2.856	-0.433	0.498
-0.681	-0.852	-0.667
0.831	-1.601	-0.499
2.383	-0.555	-0.422
-0.617	1.034	0.183
-0.770	-0.490	0.716
-0.569	-1.031	-0.439
-0.112	-1.830	0.911
0.258	-0.043	0.215
-0.112	-1.830	0.911
-0.170	-0.950	-0.034
-0.411	-0.134	0.173
-0.392	-1.399	1.355
-0.316	0.346	0.263
1.150	-1.775	-0.395
2.268	-1.015	0.714
-0.197	-1.164	-0.607
-0.155	-1.410	0.750
-0.112	-1.830	0.911
1.225	-1.059	-1.262
1.491	-0.341	-0.473
-0.199	0.217	-1.018
-0.198	-1.723	-0.301
0.811	-1.538	-0.782
-1.193	-0.237	-0.557
-0.396	-2.009	-0.448
-0.075	-1.889	1.019
-0.261	-1.687	0.334
0.524	-0.679	-0.773
-0.296	-1.802	0.849
0.715	-1.993	-0.413
2.120	-0.702	-0.325
-1.317	0.286	0.232
0.764	-1.479	-0.478
0.646	1.239	1.250
-0.200	-0.645	-0.876
-0.190	-1.130	-1.358
1.753	0.084	-1.348
1.814	0.481	-0.922
1.940	0.410	-1.232
0.184	0.771	-0.096
1.171	-1.454	0.049
-0.501	0.448	0.488
-0.889	0.148	0.142
-1.589	0.157	-0.663
-1.353	-0.173	-1.296
-0.569	-0.364	-0.688
-0.893	0.435	-0.602
-0.248	-0.057	-0.845
0.269	1.136	-0.056
-1.310	-0.129	-0.461
0.672	0.516	1.108
2.372	0.105	-0.349
-0.518	0.381	-1.020
-1.070	0.530	-0.586
-0.282	1.206	-0.608
0.134	0.758	0.421
0.731	0.673	-0.302
2.215	0.360	-0.773
-0.865	-0.323	1.441
-0.902	0.030	0.965
-0.762	-0.097	1.009
0.320	-0.118	-0.468
0.812	0.038	-0.945
1.331	0.792	0.171
0.596	0.528	-0.827
-1.140	1.064	0.094
-0.060	0.161	-1.910
1.383	-0.288	-0.056
0.829	2.355	0.594
0.995	-1.156	-0.189
-0.184	-0.482	0.048
-0.666	1.586	0.122
0.132	0.289	0.486
0.424	0.879	1.476
-0.705	1.569	-1.213
-0.671	0.237	0.778
0.972	0.960	0.586
-0.049	0.579	0.960
0.204	0.570	0.865
-1.228	-0.134	0.037
0.318	0.224	0.366
0.344	1.607	0.010
-1.051	0.127	-0.980
-0.785	0.249	-0.555
-0.669	-0.017	1.123
-0.920	0.121	-0.011
2.209	-0.349	0.320
-1.046	0.064	0.352
-1.120	0.515	-0.085
0.600	-1.496	-0.752
0.158	0.164	0.144
1.640	1.252	-0.015
-0.152	0.429	-0.332
-0.286	-0.288	-0.923
0.533	0.815	-0.379
-1.316	-0.527	-0.825
0.156	0.712	-0.781
-0.340	-1.857	-0.793
1.305	0.028	0.018
-0.869	0.307	0.211
0.249	0.392	-0.584
-0.302	-1.890	-0.288
-0.161	1.485	-0.895
-0.007	1.124	0.823
-1.248	0.542	-0.334
-0.468	-1.913	-1.094
-0.132	-1.821	-0.929
0.532	0.624	1.047
0.900	-0.498	0.562
0.257	-1.613	0.744
-0.670	0.760	0.795
1.291	0.232	-1.186
2.225	-1.035	0.949
-0.058	1.602	-0.351
-0.033	1.514	-1.870
2.861	0.025	-0.226
-1.161	-0.651	-0.646
-0.312	1.046	-1.317
-0.956	-0.319	-0.277
-0.230	-1.427	1.126
-1.303	-0.203	1.000
-0.686	0.988	-1.518
-0.332	-1.771	-0.339
-0.540	1.052	-0.877
0.760	-0.364	-0.384
-0.844	-0.500	-0.301
-0.717	0.079	-0.023
-0.222	1.821	-0.787
0.032	1.376	-0.868
-1.112	-0.438	0.057
-0.773	1.325	1.107
0.324	1.504	-0.007
-0.817	1.010	0.419
0.743	-0.053	1.191
-0.238	1.738	-0.463
0.327	-0.392	0.300
-0.461	-1.922	-1.106
-0.281	1.292	-0.465
0.480	0.891	-0.226
-0.799	0.183	1.733
0.326	0.855	-0.117
1.325	0.658	-1.203
-0.183	1.899	0.274
-0.353	-1.653	0.677
-0.449	1.081	-0.479
0.494	-1.064	-0.196
-0.003	-1.721	1.119
-0.815	-0.870	0.607
1.177	0.617	0.293
-0.195	0.271	0.389
-0.005	1.518	-0.460
-0.547	0.369	-0.151
2.041	-0.777	-0.098
0.319	1.482	1.044
-0.974	1.203	0.187
0.825	0.730	0.762
0.889	1.992	0.211
-0.299	-0.052	-0.205
1.064	-0.824	0.039
-0.675	1.096	-0.647
-0.987	0.318	0.779
1.896	-0.553	-0.286
2.490	-0.639	-0.938
-0.969	-0.368	0.843
-1.060	-0.219	-0.643
0.171	-0.217	0.005
0.667	1.206	0.028
-1.304	0.518	-0.790
0.269	1.376	1.228
-0.651	0.225	0.891
0.914	1.442	0.293
-1.154	0.155	0.447
0.472	0.794	0.110
0.741	-0.957	1.354
-0.796	1.263	-1.181
-0.589	-0.047	1.082
-1.362	0.356	-0.532
-1.226	1.022	0.872
-0.941	0.147	1.338
-0.260	1.016	-0.404
-0.068	-1.979	1.122
-1.460	0.148	-0.366
-0.641	-0.481	-1.216
-1.299	1.013	1.323
1.465	-1.288	0.993
1.934	-0.935	-0.990
0.045	-0.489	-0.409
0.107	1.023	1.014
-1.043	0.207	1.531
0.290	-1.697	0.411
-0.843	-0.556	-0.373
0.446	0.303	0.877
-0.877	-0.957	-0.069
-1.017	-0.579	-0.416
-0.091	-1.612	0.827
2.812	-0.320	-1.028
-1.134	0.172	-1.245
0.120	0.511	1.160
2.053	-0.547	-1.010
0.340	-1.083	-0.315
-0.416	-1.900	-1.112
-0.735	-0.331	0.411
0.105	1.311	-0.219
2.088	-0.137	-1.212
-1.271	1.113	-0.330
-1.389	0.132	-0.469
2.182	-0.257	-0.680
-1.021	0.239	0.731
-0.449	0.546	0.434
0.111	0.876	-0.308
-0.669	-0.197	1.204
0.377	-0.593	-0.532
-0.483	0.005	-0.832
0.952	-1.037	-0.925
-0.992	-0.631	-0.120
-0.327	0.552	-1.577
-0.745	1.215	-1.329
-0.764	0.257	0.201
0.587	0.931	-0.450
1.203	1.417	1.786
-0.529	-0.283	1.586
-0.323	-1.669	1.296
2.241	-1.055	0.849
-0.359	-1.889	-0.903
2.978	-0.162	0.047
3.392	-0.061	0.474
-0.449	-1.904	-1.156
-0.214	-1.909	0.103
3.265	-0.112	-0.507
-0.087	0.998	-0.443
3.047	-0.245	0.381
-0.194	-1.847	-0.133
-0.573	-0.639	-0.073
-0.866	-0.995	-0.512
-0.297	-0.686	0.493
-0.105	-1.573	1.211
1.691	0.661	-0.971
-0.020	-1.982	1.466
-0.984	-0.151	0.608
-0.814	-0.246	-0.368
-0.770	-0.846	0.353
-0.916	-0.058	0.552
-0.557	0.054	-1.341
-0.020	-1.797	0.056
-0.925	-0.336	1.418
-0.712	-0.406	0.279
-1.270	0.326	-0.761
-0.240	0.661	0.420
-0.949	-0.380	0.776
-1.591	-0.076	-1.433
-0.875	-0.459	0.113
-0.199	-1.606	0.899
0.978	-1.461	1.034
1.241	-0.593	0.820
-0.778	0.459	1.017
-0.852	0.027	-0.736
-0.962	0.243	0.761
-0.980	-0.508	-1.147
-0.607	-0.761	0.097
0.298	1.164	1.550
-0.941	1.506	-0.169
-0.829	-0.567	-0.514
-1.245	0.112	-0.826
-1.780	0.104	-1.191
-1.312	0.201	-0.630
-1.702	0.388	-0.711
-0.972	-0.096	-0.497
2.723	-0.244	0.455
-0.442	1.113	0.836
-1.144	0.717	1.483
-1.124	-0.365	0.244
0.456	0.681	0.838
-0.512	0.065	-0.567
-0.464	-0.192	0.520
0.082	1.530	-0.578
0.268	0.619	-0.197
1.018	-1.427	1.035
0.226	0.346	1.517
-0.760	0.592	0.445
-0.797	1.280	0.498
0.758	0.706	0.459
0.128	1.578	-0.054
-1.494	0.565	-0.186
2.198	-0.919	0.807
-0.276	-1.364	1.338
-0.105	-1.705	0.813
-0.348	0.596	0.597
-1.179	-0.149	-1.098
-0.258	0.837	-1.251
2.529	0.211	-0.447
-0.650	-1.020	0.221
2.313	-0.587	0.209
0.507	-0.930	1.295
1.371	-0.225	0.965
0.037	0.768	0.228
-0.288	0.478	-0.793
-0.561	-0.426	0.472
-1.019	0.239	-0.148
-0.090	1.741	-0.478
-1.246	0.719	-1.134
-0.635	-0.511	1.593
-0.016	-1.291	0.965
-0.338	1.576	1.274
-1.462	0.185	1.549
0.307	0.794	-0.026
-0.974	0.357	0.094
-0.060	0.819	0.773
0.252	0.353	-0.063
-0.969	1.624	-0.151
-1.412	0.425	0.374
2.164	-0.555	-0.911
2.459	0.483	0.386
-0.044	-0.147	-0.572
-0.935	-0.259	1.481
0.435	0.982	-1.220
0.420	1.312	-0.117
-1.177	0.219	-0.583
-0.527	-1.813	-1.199
-0.266	0.982	0.068
0.132	0.289	0.486
-0.136	1.688	-1.138
-1.339	-0.310	0.145
0.166	-0.203	0.395
0.727	0.956	-0.005
-1.189	0.970	0.672
-0.959	-0.379	-0.055
-0.734	0.527	-1.849
0.620	0.926	1.288
-1.198	0.990	-1.162
-0.358	-1.897	-0.918
-1.235	-0.173	1.005
-1.690	0.348	-1.311
-1.248	-0.341	-0.104
-0.389	-1.040	0.946
-0.354	-1.708	0.376
-0.478	-0.009	0.016
-0.381	0.732	0.277
-1.061	-1.054	0.134
0.311	-1.125	-0.295
0.981	-0.729	1.343
0.380	-0.628	-0.443
0.610	-0.095	-0.416
-1.522	0.267	-0.476
-0.564	1.102	-0.004
3.181	-0.295	-0.438
2.820	-0.550	-0.134
2.619	-0.215	-0.320
-0.671	0.273	0.613
-1.149	0.290	1.310
-0.496	1.033	-0.743
-0.931	-0.320	0.636
0.834	0.317	0.396
-1.109	0.244	0.279
-1.094	0.290	0.821
-0.943	-0.510	0.302
0.038	1.285	0.400
-0.616	0.877	1.118
-0.584	-0.300	-0.903
-0.258	0.288	0.640
0.009	-0.418	0.240
-1.122	-0.248	-0.401
0.678	-0.101	-0.009
-0.717	0.299	-1.017
-1.153	-0.102	-0.180
-1.554	0.312	-0.802
-1.235	1.092	-0.841
-0.630	1.630	-1.697
0.322	-0.124	0.672
0.269	0.671	0.611
-0.261	-0.614	1.724
0.885	0.077	0.093
-1.340	-0.427	0.234
2.572	-0.222	0.047
-0.491	0.115	-0.617
-1.340	0.993	-1.732
-0.462	-0.719	0.312
0.169	-0.435	-0.929
-1.015	0.117	0.568
0.234	0.376	-0.739
-0.780	-0.034	1.788
0.772	1.679	0.610
0.170	0.390	-0.958
0.640	1.051	0.217
-0.324	-1.865	0.191
0.170	1.296	-1.084
0.200	0.176	-0.651
-0.293	0.105	0.189
-0.472	0.350	-0.564
-0.251	-0.435	-1.185
0.293	1.236	-0.429
0.760	0.663	-0.415
-1.043	1.671	-0.665
1.387	0.964	-0.539
0.415	1.114	1.697
-0.047	1.392	0.305
-1.097	0.824	0.056
-0.529	-0.586	0.103
0.021	0.033	-0.228
0.743	1.372	1.707
0.897	-0.308	0.030
0.547	-0.522	-0.368
0.899	0.670	1.545
-0.568	1.357	-0.482
0.536	0.065	0.337
-0.952	1.866	1.599
-0.812	0.799	-1.429
-0.291	0.378	-0.802
2.605	-0.570	-1.113
0.354	0.035	-0.286
0.958	1.394	-0.447
-0.369	1.414	-0.398
0.598	1.677	-0.770
-0.461	0.092	0.019
-0.252	0.924	-0.336
-0.953	2.096	0.594
0.114	0.272	0.595
-0.061	-0.812	0.122
-1.156	-0.271	0.120
0.647	0.735	-0.749
-1.587	0.547	-0.293
-0.678	-0.524	1.246
-0.558	-0.452	-0.097
-0.364	-1.901	-0.913
-0.831	-0.021	1.096
-0.767	0.499	1.070
1.367	0.002	-0.735
3.334	-0.307	-0.420
-0.366	-0.450	-0.190
1.089	0.199	-0.697
2.750	-0.455	-0.111
-0.857	-0.220	0.535
0.086	0.988	-0.187
-0.607	0.920	0.806
0.349	1.184	0.535
-0.113	-1.870	1.585
-1.179	-0.326	-1.012
-0.314	-0.552	-0.469
0.083	0.871	0.061
-0.529	-0.283	1.586
0.583	-1.858	-0.459
2.360	-0.234	-0.825
2.497	-0.168	-0.460
-0.220	-1.915	0.099
-0.628	1.675	-0.886
-0.523	-1.859	-1.134
-0.022	-0.841	0.075
-0.153	-1.191	0.681
-0.348	-1.540	0.858
-0.220	-1.478	1.040
-0.869	-0.453	-0.241
-0.421	-0.673	0.715
-0.417	-1.873	-0.525
-0.325	-1.915	-0.155
-0.102	1.383	0.352
0.620	0.034	0.348
0.839	-1.638	-0.513
-0.881	-0.557	-0.209
-0.923	-0.447	-0.397
-0.988	-0.155	-0.703
-0.221	-1.921	0.101
-0.112	-1.344	1.289
-0.710	-0.331	-0.438
-0.361	-1.655	-0.356
-0.298	-1.601	-0.432
-0.769	-0.289	1.234
-0.350	-1.792	-0.589
-1.223	0.998	-1.483
-0.955	0.128	-0.895
-0.674	0.581	-0.597
-0.338	0.463	-0.513
-0.373	1.544	-1.469
-1.011	1.397	-1.564
-0.130	0.441	0.018
-0.489	-0.649	0.836
1.044	1.161	-0.778
1.097	-0.972	1.259
0.756	-0.013	0.752
-0.508	-0.801	1.111
-0.804	-0.071	0.809
-1.053	0.370	0.371
0.841	0.287	-0.590
-1.215	0.406	0.130
-0.257	-0.105	-0.840
-0.918	-0.187	0.672
-0.659	-0.738	0.466
-0.578	0.783	-1.379
0.458	0.710	-0.126
-1.552	0.396	-1.171
0.339	2.199	1.059
0.053	0.498	1.189
0.094	1.450	1.193
0.388	2.289	1.071
0.001	0.824	1.311
0.189	1.122	1.141
0.078	0.369	0.979
-0.288	0.700	0.939
-0.032	2.092	1.386
-1.036	-0.495	-1.189
-0.627	-0.043	-0.963
0.207	0.702	-1.458
0.198	0.631	-0.503
0.815	0.053	-1.401
-1.140	0.629	0.375
-0.305	-1.536	0.102
-1.241	-0.100	-0.084
0.212	-0.801	0.183
-1.306	0.902	1.552
0.497	0.095	-0.716
2.174	-0.804	0.563
-0.305	-1.805	0.396
-0.266	-1.643	0.772
-1.071	0.796	-0.332
-0.111	0.922	0.329
-0.454	-1.678	-0.742
0.262	0.127	0.252
-0.923	-0.502	-0.970
-0.878	1.541	0.233
0.226	0.542	-0.195
-0.388	-0.537	0.944
-0.634	1.333	0.088
0.153	1.306	-0.492
-0.163	0.817	-0.111
-0.997	0.155	2.153
-0.657	1.086	0.117
0.476	1.107	0.895
0.883	2.198	0.780
-1.040	0.591	1.561
0.186	0.284	1.484
-0.396	0.811	-1.468
-0.476	-1.911	-1.125
-0.530	-1.833	-1.235
0.758	2.113	1.400
0.358	1.617	2.122
-0.357	-1.891	-0.907
0.445	1.461	1.152
1.268	-0.150	-0.056
0.619	0.376	-1.374
-0.836	1.587	0.480
-0.966	-0.022	-0.391
-0.443	-0.909	0.636
-0.807	0.236	1.651
-0.467	-0.835	1.253
-0.687	-0.397	0.954
0.302	-0.302	-1.337
-0.422	0.403	-0.576
-0.212	-1.146	0.634
0.053	-0.636	-0.551
-0.156	0.005	0.838
-0.793	-0.904	0.210
-0.491	-1.839	-1.064
-1.127	-0.248	0.629
-0.340	-1.640	1.016
-1.096	0.084	1.964
0.110	-0.536	0.700
2.535	-0.614	-1.148
-0.216	0.762	-0.564
-0.361	-0.960	1.652
3.464	-0.415	-0.304
3.118	-0.368	-0.357
2.472	-0.287	-0.788
-0.487	-1.852	-1.045
-0.454	-0.975	0.895
-0.074	-1.741	0.019
-0.280	-1.886	-0.515
-0.303	-2.145	0.131
0.753	0.582	0.331
-0.180	-1.714	0.534
-0.352	-1.762	0.408
-1.315	-0.476	-1.254
0.019	1.286	1.409
-0.408	0.891	0.177
-0.523	-1.834	-1.211
-0.228	-2.023	-0.175
-0.407	-0.338	0.938
-0.239	-0.694	1.366
-0.534	-1.868	-1.140
-0.424	-1.860	0.124
-0.137	-1.316	-0.551
1.286	-0.076	-0.613
-0.639	0.016	0.694
-1.029	-0.306	0.143
-1.120	-0.285	-0.042
-1.417	0.345	0.256
-0.351	-2.019	0.461
-1.039	-0.453	-0.373
-0.529	-1.872	-1.147
-0.761	-0.164	0.498
-0.681	-1.313	-0.207
-0.875	-0.396	0.458
-0.302	-1.774	-0.577
-0.449	-1.846	-1.074
-0.218	-1.912	0.095
0.360	0.371	0.736
0.555	-0.918	0.057
-0.619	-0.604	1.284
-0.226	-1.914	0.094
-1.296	0.328	-0.521
-0.612	-0.918	-1.008
-1.408	-0.040	0.117
-0.337	-2.108	0.757
-0.337	-2.105	0.765
-0.199	-1.546	0.942
-0.488	-0.774	1.162
-0.357	-1.883	-0.905
-0.219	-1.912	0.100
-0.908	-0.352	-0.425
-0.775	0.685	-1.336
-0.213	-0.200	-0.740
-1.448	-0.002	0.078
-0.113	-1.326	1.272
-0.307	-2.043	0.724
-0.361	-1.912	-0.917
-1.124	-0.264	-0.176
1.113	-0.680	-0.780
-0.357	-1.633	-0.358
0.154	0.997	0.944
-0.984	-0.172	0.033
-0.271	0.321	-0.028
-0.916	0.297	0.773
-0.064	0.391	0.803
-0.230	-1.919	0.161
-0.263	-1.503	1.165
-0.330	-1.945	0.861
-0.299	-1.906	0.110
0.374	0.370	0.625
0.172	-0.955	0.176
-0.923	-0.244	0.390
-0.270	-0.557	1.200
-0.224	-1.915	0.166
0.276	-1.075	-0.362
1.158	-0.073	-0.983
-0.684	0.179	0.370
-0.738	0.047	1.746
0.057	-1.898	-0.355
-1.187	-0.089	-0.404
-0.363	-1.895	-0.910
-0.277	-1.738	-1.036
-0.340	-2.107	0.766
-0.338	-2.108	0.762
-0.699	-0.920	-0.292
-1.044	-0.052	0.056
-0.011	0.945	1.154
1.579	0.955	0.290
-1.270	0.275	-0.631
0.175	-0.957	-0.438
-0.269	-1.927	0.192
-0.851	-0.051	0.901
0.049	-1.240	1.420
1.545	2.271	0.566
1.516	2.286	0.831
1.515	2.269	0.919
-1.156	-0.453	0.297
-1.165	-0.280	-0.000
-0.787	-0.249	0.343
-0.113	-1.870	1.585
-0.016	-1.973	1.655
-0.617	-0.394	1.038
-0.477	-0.395	0.207
0.176	0.362	1.241
-0.733	-0.339	0.575
-1.104	-0.489	-1.046
-0.192	-1.711	0.762
0.020	-2.032	1.764
-1.068	-0.309	-0.873
0.118	-1.308	-0.008
-0.406	-1.908	-0.781
-1.086	0.496	1.406
1.028	1.360	-1.243
0.975	-0.100	-0.211
2.597	-0.653	-0.391
-0.914	1.226	-0.340
-0.371	-1.717	-0.726
-0.934	0.055	-1.097
0.333	0.478	1.592
-0.762	0.396	-1.106
2.207	-0.067	-0.033
-0.945	0.733	0.561
1.058	-1.023	1.240
-0.737	-0.256	0.861
0.872	0.559	-0.523
0.020	-1.877	-0.331
1.820	0.392	-0.147
-0.860	0.208	-0.849
-0.563	0.258	-1.030
1.111	0.331	-1.194
-0.056	0.925	-0.562
1.200	-1.576	0.197
-1.121	1.965	-0.018
-0.201	0.913	0.046
-0.523	-0.751	1.338
-0.531	-1.883	-1.173
0.142	2.137	0.708
1.401	1.596	0.018
-0.324	-0.335	-1.044
0.865	2.408	-0.577
1.402	0.436	0.385
-1.149	-0.551	-0.002
-0.125	0.349	-0.625
-1.120	0.454	-0.078
0.645	1.748	0.365
-1.193	-0.468	0.518
-0.653	-0.144	0.741
-0.260	1.802	0.605
-1.144	-0.395	0.212
0.011	0.669	1.095
0.370	-1.719	0.235
-0.936	-0.193	0.612
-0.833	-0.919	0.173
-0.651	1.329	0.600
0.270	2.194	1.014
-1.238	1.339	-1.932
2.250	-0.118	-0.813
2.051	-0.386	0.601
0.035	0.984	-0.283
-0.658	0.248	-1.184
-0.540	-0.497	-0.843
-1.098	0.102	-0.474
2.725	-0.132	-0.514
0.636	1.094	-0.593
2.025	-1.120	-0.969
1.294	2.419	0.785
-0.594	0.685	-1.320
-0.841	-0.116	-0.333
0.161	0.157	1.849
-0.364	-0.323	0.704
0.922	1.894	0.048
0.252	1.221	0.399
-0.191	1.648	0.152
-0.178	-1.466	0.953
0.170	0.339	0.627
-1.294	0.972	0.540
0.417	1.261	-0.489
-0.301	-2.158	0.126
-0.878	0.244	-1.134
0.160	-0.806	-0.874
-0.029	1.415	0.884
-0.656	0.597	0.825
3.251	-0.200	-0.473
-0.948	-0.189	-0.663
-1.201	0.805	0.248
0.164	0.908	-0.345
0.949	0.547	-0.109
-0.310	-1.461	1.270
-0.378	0.494	-0.594
-0.031	0.567	-1.097
0.296	0.181	-0.373
-1.602	1.072	0.412
0.251	0.906	-0.322
0.884	0.686	0.769
3.394	0.045	-0.057
0.379	0.603	-0.426
-0.775	0.439	0.322
-1.282	0.242	0.029
-0.385	0.277	0.460
-0.063	1.409	-0.394
-0.759	0.958	-0.633
-0.747	-0.093	-0.688
0.222	0.956	0.054
1.708	1.780	0.842
-0.129	1.758	0.429
-0.485	-1.894	-1.111
-1.059	0.619	0.548
-0.277	-1.765	0.374
0.164	0.302	0.792
0.699	1.670	1.878
0.605	0.522	-0.370
-0.664	0.623	-0.684
-0.491	2.348	-1.016
0.005	1.372	0.542
-0.235	1.151	-1.112
-0.914	-0.391	-0.464
-1.411	-0.216	0.213
1.376	-0.724	-1.058
-0.333	0.337	-0.697
0.691	0.664	1.271
-0.337	-1.785	0.775
-0.698	0.565	0.131
0.387	0.418	-0.371
-0.280	-1.541	0.931
2.265	-0.809	0.407
-0.031	-0.864	-1.082
2.217	-0.457	-1.372
-0.268	1.334	0.509
-0.356	0.966	-0.759
-0.960	-0.181	0.802
-0.755	-0.181	1.673
-0.653	-0.305	0.654
1.728	-0.501	1.122
-0.926	-0.461	-0.495
-0.996	1.106	-1.449
-0.610	0.124	-0.432
0.660	-2.049	0.259
-0.608	-0.943	0.757
-1.458	0.409	-0.370
-0.482	-1.829	-1.127
-0.594	-0.647	0.172
0.040	-1.174	1.825
-0.192	1.446	-0.253
-0.636	-0.064	0.809
0.340	1.297	-0.013
0.206	0.373	-0.371
-1.160	-0.439	-0.957
3.099	-0.400	-0.349
0.323	-0.352	-1.045
-0.644	-0.363	0.478
1.607	0.059	-1.160
-0.961	0.258	1.251
0.734	-0.200	-0.391
-0.708	-0.095	-0.970
-0.504	0.038	-0.867
-1.011	-0.831	0.214
0.723	-1.810	0.800
0.261	-1.119	-1.156
0.879	-0.666	-0.555
0.485	-0.715	-0.289
-0.001	-1.696	0.891
2.887	-0.006	-0.528
1.305	-1.090	-0.951
-0.488	1.725	0.038
-0.117	0.957	-1.272
-0.843	-0.298	0.418
0.206	-1.789	-0.818
2.197	-0.355	0.184
-0.360	-1.982	0.690
-0.215	-1.832	0.473
-0.358	-1.889	-0.909
-0.451	-0.562	0.225
-1.026	-0.719	-1.215
-0.213	-1.870	-0.172
0.402	1.270	1.655
1.238	2.375	0.357
-0.639	-0.477	1.214
1.271	-0.371	-0.587
-0.027	-1.398	0.591
2.722	0.095	0.460
-1.069	-0.426	0.418
-0.642	-1.849	-1.224
-0.339	-2.111	0.761
-0.237	-1.865	1.064
0.607	1.702	1.306
-0.319	-1.883	0.480
0.607	1.200	-0.664
-0.353	-2.119	0.738
2.621	-0.151	0.281
-0.608	0.545	0.619
-0.039	-1.809	0.298
1.260	-0.331	-0.688
-0.515	-1.942	-0.838
-0.697	0.569	0.402
1.837	-0.996	-0.728
-0.739	-0.324	-0.704
-0.147	-1.578	0.985
2.383	-0.187	-0.488
-1.145	-0.219	-0.423
2.899	-0.357	-0.056
-0.668	1.280	-1.464
-0.680	-0.317	0.242
-1.293	0.152	-0.224
1.302	1.972	0.291
-0.731	-0.837	-0.288
-0.225	-0.908	0.007
-0.154	-1.789	0.709
-0.226	-0.653	-0.613
-1.034	0.107	1.358
-1.088	1.051	-2.066
3.041	0.037	0.106
2.981	-0.283	0.407
2.981	-0.283	0.407
1.948	0.643	1.066
2.060	0.330	-0.333
1.526	0.934	0.099
1.920	0.589	-0.134
1.943	0.273	0.332
1.946	0.342	0.070
-0.329	-1.630	-0.266
-0.329	-1.908	0.486
-0.016	-1.753	1.296
-0.844	-0.603	-0.175
-0.457	-1.978	-0.492
-0.396	-2.009	-0.448
2.748	0.061	-0.164
-0.473	-1.896	-1.102
-0.534	-1.873	-1.148
0.082	1.743	0.803
1.169	-0.717	1.019
1.259	-0.744	0.611
-0.778	-0.558	0.388
-0.275	-1.663	0.418
1.367	-0.374	-0.532
-0.208	-0.540	-1.050
-1.012	1.386	-0.051
-1.062	0.934	-1.677
-0.526	-0.591	-0.035
-0.511	-1.773	-0.847
-0.762	-0.024	0.300
-0.905	-0.229	0.923
0.162	-0.101	-0.976
-0.148	-1.609	1.013
-0.396	-1.919	-0.893
-0.341	-0.408	-1.386
1.426	-0.646	-1.101
0.306	-0.676	0.419
-0.164	1.677	-0.044
